Time(s)	Position(mm)
0.0921	47.999966
0.1531	47.999631
0.2148	47.998867
0.2778	47.997817
0.3387	47.996172
0.4025	47.994482
0.4645	47.992021
0.5269	47.989236
0.5890	47.986355
0.6509	47.982563
0.7133	47.979092
0.7760	47.975085
0.8397	47.970276
0.9012	47.964783
0.9640	47.959951
1.0262	47.953630
1.0884	47.947769
1.1503	47.941248
1.2124	47.935378
1.2804	47.928867
1.3390	47.922039
1.4020	47.916147
1.4657	47.910527
1.5281	47.903728
1.5907	47.897207
1.6525	47.891328
1.7151	47.885388
1.7766	47.878867
1.8403	47.872998
1.9035	47.866487
1.9664	47.860598
2.0331	47.853767
2.0917	47.847249
2.1548	47.841318
2.2181	47.834817
2.2812	47.828958
2.3445	47.822158
2.4084	47.815647
2.4716	47.809707
2.5349	47.803176
2.5980	47.797297
2.6609	47.790498
2.7235	47.783977
2.7851	47.778108
2.8483	47.771587
2.9097	47.765637
2.9737	47.758838
3.0377	47.753267
3.1008	47.746477
3.1649	47.740847
3.2256	47.734038
3.2877	47.727207
3.3504	47.721597
3.4126	47.715737
3.4738	47.709229
3.5356	47.703298
3.5989	47.696787
3.6617	47.690928
3.7238	47.684097
3.7867	47.678477
3.8488	47.671687
3.9109	47.665146
3.9734	47.659258
4.0354	47.653386
4.0971	47.646868
4.1592	47.640918
4.2213	47.634397
4.2843	47.628547
4.3452	47.621738
4.4077	47.616138
4.4702	47.609316
4.5318	47.603687
4.5948	47.596848
4.6579	47.591277
4.7206	47.584478
4.7829	47.578547
4.8475	47.572026
4.9115	47.566138
4.9734	47.559636
5.0357	47.552798
5.0989	47.546917
5.1614	47.540388
5.2223	47.534468
5.2839	47.527966
5.3466	47.522078
5.4093	47.516147
5.4722	47.509626
5.5345	47.503738
5.5961	47.497236
5.6582	47.490427
5.7213	47.484539
5.7856	47.478018
5.8484	47.472068
5.9104	47.465557
5.9729	47.459697
6.0357	47.452888
6.0993	47.447278
6.1623	47.440457
6.2231	47.433928
6.2843	47.428008
6.3468	47.422427
6.4090	47.415627
6.4702	47.409697
6.5325	47.403167
6.5962	47.397288
6.6586	47.390767
6.7220	47.384836
6.7849	47.378027
6.8479	47.372407
6.9108	47.365598
6.9746	47.359087
7.0368	47.353198
7.0994	47.347268
7.1632	47.340737
7.2231	47.333928
7.2860	47.328337
7.3483	47.321519
7.4105	47.315627
7.4735	47.309097
7.5357	47.303147
7.5974	47.296638
7.6594	47.290767
7.7219	47.283967
7.7852	47.278347
7.8481	47.272427
7.9116	47.265908
7.9735	47.259087
8.0365	47.253508
8.0966	47.246687
8.1595	47.240757
8.2218	47.234238
8.2855	47.228357
8.3483	47.221838
8.4100	47.215918
8.4732	47.209116
8.5346	47.203499
8.5970	47.196687
8.6605	47.191118
8.7222	47.184277
8.7853	47.178337
8.8482	47.171826
8.9090	47.165947
8.9719	47.159438
9.0349	47.153547
9.0973	47.146729
9.1588	47.141096
9.2213	47.134287
9.2850	47.128738
9.3456	47.121926
9.4078	47.116296
9.4694	47.109497
9.5313	47.103577
9.5939	47.097078
9.6563	47.091196
9.7184	47.084658
9.7809	47.078738
9.8431	47.072888
9.9046	47.066377
9.9671	47.060437
10.0309	47.053906
10.0939	47.047097
10.1573	47.041208
10.2182	47.034697
10.2811	47.028838
10.3421	47.022307
10.4040	47.016357
10.4651	47.009568
10.5264	47.003987
10.5872	46.998098
10.6489	46.991558
10.7118	46.985667
10.7745	46.979148
10.8371	46.973247
10.9012	46.966438
10.9629	46.960808
11.0250	46.954006
11.0873	46.948428
11.1499	46.941616
11.2123	46.935698
11.2749	46.929158
11.3353	46.923257
11.3975	46.916748
11.4606	46.910898
11.5229	46.904077
11.5845	46.898447
11.6465	46.891616
11.7085	46.886028
11.7718	46.880146
11.8347	46.873608
11.9009	46.866807
11.9615	46.860898
12.0239	46.854387
12.0878	46.848499
12.1498	46.841987
12.2116	46.835188
12.2749	46.829268
12.3368	46.822737
12.3995	46.816848
12.4613	46.810347
12.5238	46.804438
12.5847	46.798518
12.6465	46.792017
12.7079	46.786138
12.7706	46.779626
12.8340	46.773687
12.8966	46.766868
12.9601	46.761267
13.0226	46.754468
13.0856	46.747966
13.1492	46.742087
13.2106	46.735256
13.2734	46.729617
13.3360	46.722788
13.3987	46.717217
13.4606	46.710427
13.5228	46.704797
13.5863	46.697988
13.6473	46.692068
13.7095	46.685547
13.7714	46.679658
13.8336	46.673127
13.8963	46.667197
13.9586	46.661328
14.0198	46.654807
14.0839	46.648887
14.1460	46.642358
14.2091	46.635527
14.2714	46.629617
14.3332	46.623108
14.3974	46.617249
14.4608	46.610737
14.5231	46.604778
14.5856	46.597957
14.6482	46.592358
14.7100	46.585537
14.7719	46.579946
14.8348	46.573137
14.8973	46.567507
14.9590	46.560688
15.0218	46.554807
15.0842	46.548298
15.1460	46.542378
15.2091	46.535847
15.2716	46.529958
15.3338	46.523127
15.3962	46.517546
15.4581	46.510728
15.5199	46.505088
15.5824	46.498276
15.6446	46.492417
15.7081	46.485898
15.7694	46.479978
15.8322	46.473438
15.8950	46.467527
15.9581	46.460718
16.0202	46.455156
16.0824	46.448347
16.1444	46.442708
16.2070	46.435876
16.2696	46.430308
16.3327	46.423477
16.3952	46.417588
16.4563	46.411067
16.5184	46.405156
16.5814	46.398647
16.6443	46.392756
16.7075	46.385928
16.7697	46.379417
16.8318	46.373496
16.8948	46.366968
16.9571	46.361096
17.0196	46.355198
17.0814	46.348667
17.1429	46.342737
17.2051	46.336228
17.2670	46.330366
17.3294	46.323567
17.3908	46.317937
17.4526	46.311108
17.5148	46.305518
17.5771	46.298687
17.6400	46.293098
17.7026	46.286287
17.7651	46.280366
17.8284	46.273848
17.8909	46.267966
17.9540	46.261458
18.0162	46.255537
18.0796	46.248728
18.1422	46.242197
18.2042	46.236318
18.2667	46.229797
18.3279	46.223918
18.3894	46.217976
18.4510	46.211458
18.5138	46.205598
18.5759	46.199077
18.6376	46.193176
18.6992	46.186348
18.7626	46.180718
18.8242	46.173906
18.8865	46.168347
18.9528	46.161548
19.0126	46.154736
19.0746	46.149116
19.1375	46.143208
19.2000	46.136707
19.2636	46.130828
19.3256	46.124287
19.3884	46.118398
19.4499	46.111587
19.5121	46.106028
19.5746	46.099187
19.6363	46.093557
19.6973	46.086748
19.7598	46.080867
19.8224	46.074368
19.8849	46.068467
19.9482	46.061938
20.0100	46.055996
20.0730	46.049207
20.1356	46.043647
20.1971	46.036838
20.2598	46.031206
20.3225	46.024387
20.3845	46.017556
20.4462	46.011958
20.5100	46.006086
20.5728	45.999558
20.6347	45.993628
20.6969	45.987117
20.7594	45.981238
20.8219	45.974407
20.8837	45.968787
20.9449	45.961997
21.0078	45.956387
21.0704	45.949578
21.1337	45.943706
21.1961	45.937188
21.2585	45.931218
21.3225	45.924707
21.3848	45.917917
21.4473	45.912048
21.5082	45.905537
21.5706	45.899626
21.6326	45.893088
21.6946	45.887168
21.7573	45.881587
21.8182	45.874788
21.8807	45.868867
21.9438	45.862336
22.0063	45.856448
22.0666	45.849937
22.1271	45.844016
22.1905	45.838108
22.2539	45.831606
22.3165	45.824788
22.3788	45.819226
22.4414	45.812397
22.5036	45.806467
22.5661	45.799937
22.6298	45.794058
22.6919	45.787546
22.7545	45.781658
22.8162	45.774836
22.8787	45.769207
22.9407	45.762368
23.0090	45.756807
23.0671	45.750007
23.1287	45.743198
23.1917	45.737578
23.2541	45.731667
23.3157	45.725156
23.3785	45.719268
23.4406	45.712747
23.5032	45.706816
23.5649	45.700017
23.6282	45.694436
23.6924	45.687617
23.7550	45.681096
23.8166	45.675178
23.8787	45.669277
23.9417	45.662756
24.0047	45.655957
24.0664	45.650378
24.1288	45.644426
24.1893	45.637607
24.2530	45.632026
24.3147	45.625217
24.3769	45.618706
24.4390	45.612817
24.5015	45.605986
24.5631	45.600366
24.6240	45.594487
24.6859	45.587976
24.7486	45.582048
24.8114	45.575508
24.8745	45.569658
24.9366	45.562817
24.9982	45.557227
25.0603	45.550417
25.1236	45.544797
25.1859	45.537998
25.2477	45.532126
25.3103	45.525627
25.3725	45.519678
25.4359	45.513147
25.4979	45.507258
25.5612	45.500466
25.6210	45.494878
25.6835	45.488958
25.7460	45.482446
25.8086	45.475618
25.8708	45.470068
25.9332	45.463247
25.9964	45.457358
26.0593	45.450828
26.1217	45.444946
26.1830	45.438447
26.2443	45.432537
26.3066	45.426616
26.3689	45.420107
26.4302	45.413308
26.4926	45.407747
26.5559	45.401816
26.6199	45.394998
26.6819	45.388457
26.7451	45.382556
26.8076	45.376047
26.8703	45.370188
26.9319	45.363357
26.9953	45.357727
27.0613	45.350896
27.1209	45.344377
27.1826	45.338528
27.2447	45.331716
27.3073	45.326118
27.3677	45.320208
27.4298	45.313687
27.4933	45.307808
27.5550	45.301287
27.6177	45.295356
27.6817	45.288547
27.7441	45.282026
27.8068	45.276128
27.8686	45.269626
27.9303	45.263718
27.9926	45.257798
28.0563	45.251296
28.1188	45.245427
28.1800	45.238928
28.2426	45.232976
28.3053	45.226147
28.3666	45.220557
28.4290	45.213738
28.4911	45.208157
28.5544	45.201348
28.6166	45.194517
28.6784	45.188887
28.7406	45.182998
28.8030	45.176487
28.8646	45.170588
28.9265	45.164058
28.9862	45.158176
29.0481	45.152297
29.1101	45.145767
29.1742	45.139827
29.2358	45.133328
29.2976	45.127456
29.3591	45.120657
29.4217	45.115037
29.4837	45.108208
29.5447	45.102607
29.6079	45.095786
29.6701	45.090198
29.7324	45.083386
29.7944	45.077456
29.8573	45.070938
29.9210	45.065056
29.9835	45.058538
30.0455	45.052627
30.1097	45.045828
30.1700	45.039297
30.2332	45.033396
30.2953	45.026887
30.3578	45.021008
30.4205	45.015068
30.4849	45.008547
30.5456	45.001738
30.6072	44.996147
30.6691	44.990256
30.7308	44.983428
30.7920	44.977798
30.8539	44.970986
30.9157	44.965427
30.9773	44.959507
31.0389	44.952976
31.1011	44.947117
31.1634	44.940288
31.2256	44.934697
31.2886	44.927888
31.3524	44.921357
31.4153	44.915447
31.4783	44.908647
31.5405	44.903098
31.6036	44.896248
31.6662	44.890618
31.7286	44.883806
31.7909	44.877927
31.8533	44.871406
31.9150	44.865537
31.9767	44.859016
32.0383	44.853066
32.1005	44.846267
32.1628	44.840708
32.2260	44.834807
32.2878	44.828267
32.3514	44.821467
32.4140	44.815867
32.4767	44.809038
32.5388	44.803176
32.6005	44.796658
32.6632	44.790728
32.7266	44.784207
32.7870	44.778337
32.8501	44.771497
32.9131	44.765886
32.9756	44.759097
33.0373	44.753486
33.0993	44.746687
33.1617	44.740808
33.2254	44.734297
33.2896	44.728337
33.3508	44.721816
33.4127	44.715967
33.4750	44.709158
33.5370	44.703547
33.5986	44.696738
33.6610	44.691118
33.7239	44.684277
33.7870	44.678706
33.8488	44.671917
33.9129	44.665986
33.9766	44.659458
34.0397	44.652637
34.1012	44.647068
34.1643	44.640227
34.2282	44.634358
34.2903	44.627837
34.3509	44.621907
34.4134	44.615408
34.4758	44.609536
34.5382	44.602708
34.6010	44.597087
34.6623	44.590278
34.7248	44.584668
34.7907	44.577856
34.8498	44.571978
34.9115	44.565457
34.9737	44.559507
35.0366	44.552998
35.0995	44.547136
35.1631	44.540327
35.2252	44.534717
35.2867	44.527898
35.3492	44.522278
35.4105	44.515447
35.4735	44.509868
35.5372	44.503066
35.5993	44.497136
35.6619	44.490608
35.7255	44.484727
35.7891	44.478218
35.8511	44.471396
35.9135	44.465508
35.9748	44.458977
36.0357	44.453076
36.0973	44.447507
36.1594	44.440686
36.2226	44.434746
36.2851	44.428228
36.3486	44.422356
36.4113	44.415857
36.4738	44.409968
36.5365	44.403137
36.5978	44.396606
36.6604	44.390676
36.7227	44.384167
36.7860	44.378296
36.8500	44.371497
36.9110	44.365876
36.9729	44.359968
37.0365	44.353467
37.0988	44.346658
37.1620	44.341057
37.2246	44.334248
37.2872	44.328337
37.3501	44.321816
37.4115	44.315928
37.4750	44.309426
37.5380	44.303496
37.5998	44.296707
37.6619	44.291106
37.7239	44.284297
37.7870	44.278706
37.8513	44.271887
37.9131	44.265957
37.9754	44.259436
38.0383	44.253586
38.1017	44.247078
38.1633	44.240266
38.2264	44.234348
38.2897	44.227817
38.3518	44.221926
38.4133	44.215408
38.4740	44.209568
38.5377	44.202737
38.5984	44.197097
38.6604	44.191206
38.7226	44.184688
38.7847	44.178787
38.8468	44.172268
38.9093	44.166367
38.9722	44.159558
39.0355	44.153057
39.0983	44.147158
39.1618	44.140657
39.2230	44.134727
39.2854	44.127917
39.3469	44.122336
39.4096	44.116438
39.4720	44.109897
39.5333	44.103066
39.5958	44.097146
39.6590	44.090647
39.7204	44.084778
39.7826	44.078276
39.8465	44.072336
39.9098	44.065508
39.9725	44.059907
40.0407	44.053108
40.0962	44.046606
40.1596	44.040728
40.2213	44.035098
40.2835	44.028276
40.3460	44.022397
40.4077	44.015876
40.4702	44.009978
40.5336	44.003447
40.5945	43.997566
40.6564	43.991677
40.7202	43.985146
40.7859	43.978328
40.8446	43.971797
40.9075	43.965867
40.9706	43.960007
41.0333	43.953486
41.0953	43.947578
41.1570	43.941038
41.2180	43.935117
41.2794	43.928308
41.3426	43.922747
41.4057	43.916797
41.4668	43.910276
41.5277	43.904387
41.5893	43.897866
41.6506	43.891948
41.7119	43.886038
41.7746	43.879536
41.8360	43.873667
41.8992	43.867168
41.9622	43.861218
42.0247	43.854397
42.0881	43.847866
42.1505	43.841987
42.2121	43.835488
42.2752	43.829597
42.3369	43.822766
42.3994	43.817136
42.4622	43.810308
42.5234	43.804746
42.5855	43.798828
42.6487	43.792297
42.7115	43.785476
42.7730	43.779558
42.8346	43.773037
42.8961	43.767158
42.9580	43.761516
43.0208	43.754717
43.0818	43.748857
43.1444	43.742327
43.2061	43.736416
43.2687	43.729888
43.3305	43.723967
43.3936	43.717158
43.4565	43.711597
43.5193	43.704788
43.5810	43.699148
43.6437	43.692327
43.7070	43.686748
43.7681	43.679917
43.8308	43.674026
43.8923	43.667498
43.9544	43.661587
44.0165	43.655078
44.0786	43.649197
44.1399	43.643257
44.2031	43.636736
44.2652	43.630867
44.3284	43.624358
44.3905	43.617556
44.4522	43.611648
44.5144	43.605117
44.5769	43.599187
44.6396	43.592678
44.7021	43.586807
44.7650	43.579998
44.8272	43.574377
44.8889	43.567556
44.9504	43.561948
45.0121	43.556057
45.0746	43.549536
45.1365	43.543618
45.2004	43.536816
45.2613	43.530308
45.3241	43.524417
45.3863	43.517908
45.4498	43.511987
45.5106	43.506106
45.5728	43.499597
45.6352	43.493738
45.6981	43.487207
45.7597	43.481257
45.8225	43.474448
45.8848	43.468877
45.9471	43.462078
46.0092	43.456458
46.0729	43.449658
46.1359	43.442827
46.1979	43.437207
46.2590	43.431348
46.3205	43.424827
46.3830	43.418896
46.4453	43.412388
46.5073	43.406526
46.5697	43.399697
46.6328	43.394087
46.6945	43.387278
46.7586	43.381648
46.8211	43.374856
46.8840	43.368977
46.9461	43.362466
47.0084	43.356516
47.0711	43.349988
47.1337	43.343196
47.1962	43.337327
47.2590	43.330828
47.3210	43.324917
47.3830	43.318386
47.4434	43.312456
47.5055	43.305647
47.5678	43.300088
47.6303	43.294167
47.6920	43.287646
47.7547	43.281758
47.8172	43.275256
47.8801	43.269348
47.9422	43.262546
48.0041	43.256917
48.0667	43.250098
48.1296	43.243606
48.1901	43.237727
48.2533	43.231797
48.3152	43.225266
48.3781	43.219387
48.4408	43.212898
48.5014	43.207017
48.5651	43.200198
48.6278	43.194558
48.6901	43.187727
48.7527	43.182146
48.8163	43.175337
48.8786	43.168528
48.9392	43.162917
49.0025	43.157007
49.0651	43.150498
49.1277	43.144617
49.1886	43.138086
49.2509	43.132158
49.3126	43.125347
49.3745	43.119768
49.4370	43.112937
49.4999	43.107327
49.5631	43.100508
49.6259	43.094597
49.6873	43.088086
49.7498	43.082227
49.8118	43.075718
49.8740	43.069756
49.9361	43.062927
49.9992	43.057346
50.0618	43.050537
50.1251	43.044946
50.1866	43.038137
50.2485	43.032517
50.3118	43.025686
50.3739	43.019797
50.4352	43.013296
50.4976	43.007378
50.5598	43.000847
50.6216	42.994978
50.6833	42.988137
50.7450	42.982546
50.8079	42.976616
50.8710	42.970127
50.9333	42.963308
50.9960	42.957456
51.0582	42.950947
51.1201	42.945017
51.1826	42.938477
51.2442	42.932588
51.3075	42.925796
51.3695	42.920217
51.4319	42.913428
51.4955	42.907788
51.5586	42.900957
51.6203	42.894148
51.6819	42.888577
51.7455	42.882676
51.8074	42.876147
51.8703	42.870266
51.9315	42.863757
51.9942	42.857856
52.0569	42.851057
52.1198	42.845417
52.1838	42.838618
52.2446	42.832097
52.3070	42.826238
52.3699	42.820308
52.4313	42.813777
52.4947	42.807888
52.5575	42.801367
52.6201	42.794568
52.6832	42.788687
52.7465	42.782168
52.8092	42.776206
52.8720	42.769688
52.9353	42.763828
52.9977	42.757017
53.0594	42.751426
53.1221	42.744607
53.1843	42.738987
53.2463	42.732156
53.3073	42.726587
53.3694	42.719778
53.4304	42.713867
53.4927	42.707336
53.5560	42.701448
53.6179	42.694946
53.6796	42.689026
53.7426	42.683108
53.8060	42.676606
53.8674	42.669797
53.9291	42.664236
53.9907	42.658296
54.0534	42.651477
54.1152	42.645867
54.1782	42.639067
54.2406	42.632556
54.3031	42.626677
54.3659	42.619856
54.4290	42.614216
54.4912	42.607397
54.5552	42.601816
54.6184	42.595017
54.6823	42.589387
54.7453	42.582566
54.8065	42.576648
54.8687	42.570137
54.9323	42.564248
54.9944	42.557727
55.0565	42.551797
55.1190	42.544988
55.1822	42.538457
55.2450	42.532566
55.3077	42.526057
55.3708	42.520137
55.4338	42.513328
55.4975	42.507698
55.5601	42.500886
55.6224	42.494377
55.6851	42.488496
55.7470	42.482566
55.8093	42.476038
55.8712	42.470156
55.9354	42.463657
55.9989	42.456848
56.0617	42.450957
56.1342	42.444436
56.2015	42.437607
56.2609	42.431077
56.3237	42.425146
56.3873	42.418337
56.4486	42.411816
56.5116	42.405947
56.5754	42.399436
56.6370	42.393518
56.7003	42.386697
56.7614	42.381077
56.8230	42.374277
56.8854	42.368696
56.9482	42.361868
57.0102	42.355928
57.0725	42.349407
57.1351	42.343518
57.1978	42.337017
57.2602	42.331128
57.3231	42.324287
57.3869	42.318657
57.4495	42.311826
57.5115	42.306267
57.5730	42.299446
57.6367	42.293828
57.6993	42.287017
57.7625	42.281096
57.8260	42.274587
57.8880	42.267766
57.9511	42.262178
58.0146	42.255376
58.0770	42.249458
58.1402	42.242947
58.2036	42.237068
58.2663	42.230547
58.3293	42.223738
58.3905	42.217837
58.4521	42.211306
58.5147	42.205427
58.5780	42.198906
58.6406	42.193018
58.7038	42.187078
58.7658	42.180547
58.8278	42.173748
58.8901	42.168167
58.9530	42.161367
59.0155	42.155457
59.0789	42.148926
59.1414	42.143027
59.2028	42.136516
59.2646	42.130657
59.3256	42.123848
59.3876	42.118228
59.4491	42.112327
59.5112	42.105828
59.5736	42.099946
59.6362	42.093406
59.6982	42.087507
59.7615	42.080696
59.8246	42.074177
59.8854	42.068286
59.9468	42.062656
60.0086	42.055857
60.0715	42.049988
60.1346	42.043486
60.1965	42.037588
60.2614	42.031067
60.3219	42.025127
60.3844	42.018328
60.4455	42.012756
60.5074	42.005947
60.5699	42.000317
60.6321	41.993506
60.6994	41.987917
60.7578	41.981077
60.8211	41.975217
60.8840	41.968687
60.9468	41.962756
61.0101	41.956257
61.0727	41.949436
61.1359	41.943547
61.1983	41.937036
61.2607	41.931138
61.3241	41.924607
61.3870	41.918716
61.4494	41.911897
61.5121	41.906316
61.5740	41.899487
61.6361	41.893857
61.6981	41.887056
61.7606	41.881187
61.8216	41.874668
61.8846	41.868748
61.9460	41.862217
62.0080	41.856296
62.0712	41.849487
62.1338	41.843926
62.1959	41.837126
62.2586	41.831487
62.3208	41.824656
62.3842	41.819077
62.4450	41.812246
62.5069	41.806367
62.5679	41.799836
62.6304	41.793916
62.6931	41.787407
62.7555	41.781526
62.8162	41.775596
62.8786	41.769067
62.9414	41.763196
63.0038	41.756697
63.0656	41.750796
63.1271	41.743977
63.1899	41.738357
63.2534	41.731526
63.3157	41.725017
63.3785	41.719148
63.4396	41.712346
63.5013	41.706716
63.5650	41.700806
63.6272	41.694297
63.6894	41.688406
63.7519	41.681887
63.8142	41.675967
63.8769	41.669177
63.9391	41.662666
64.0028	41.656777
64.0656	41.650266
64.1292	41.644346
64.1918	41.637546
64.2542	41.631926
64.3168	41.625127
64.3779	41.619546
64.4396	41.612717
64.5017	41.606787
64.5631	41.600266
64.6268	41.594417
64.6884	41.587898
64.7513	41.581997
64.8140	41.575166
64.8750	41.569556
64.9385	41.563687
65.0005	41.557168
65.0633	41.551238
65.1264	41.544717
65.1894	41.537917
65.2526	41.532026
65.3152	41.525518
65.3783	41.519617
65.4406	41.513086
65.5031	41.507197
65.5655	41.500376
65.6282	41.493867
65.6904	41.487976
65.7519	41.481477
65.8142	41.475547
65.8757	41.469668
65.9381	41.463167
65.9996	41.457288
66.0631	41.450757
66.1262	41.444817
66.1874	41.438018
66.2482	41.432456
66.3147	41.425647
66.3733	41.419148
66.4358	41.413218
66.4982	41.407637
66.5607	41.400806
66.6240	41.394946
66.6866	41.388418
66.7497	41.382488
66.8099	41.375986
66.8723	41.370107
66.9349	41.363276
66.9974	41.357656
67.0599	41.350857
67.1212	41.345247
67.1838	41.338447
67.2456	41.332556
67.3123	41.326038
67.3720	41.319216
67.4356	41.313577
67.4981	41.307717
67.5610	41.300906
67.6235	41.294397
67.6856	41.288467
67.7483	41.281926
67.8102	41.276006
67.8718	41.269197
67.9350	41.263638
67.9970	41.257698
68.0587	41.251177
68.1204	41.245308
68.1820	41.238796
68.2453	41.232886
68.3101	41.226077
68.3716	41.219556
68.4341	41.213647
68.4969	41.207136
68.5601	41.201257
68.6225	41.194436
68.6847	41.188806
68.7481	41.181997
68.8102	41.176416
68.8728	41.169617
68.9359	41.163716
68.9988	41.157197
69.0615	41.151257
69.1234	41.144766
69.1876	41.138906
69.2499	41.132107
69.3123	41.125596
69.3748	41.119656
69.4378	41.113118
69.5010	41.107217
69.5627	41.100417
69.6241	41.094827
69.6863	41.088916
69.7484	41.082407
69.8110	41.075576
69.8740	41.070007
69.9368	41.063196
69.9992	41.057307
70.0617	41.050776
70.1241	41.044888
70.1856	41.038376
70.2488	41.032488
70.3109	41.025696
70.3728	41.020056
70.4354	41.013257
70.4987	41.007688
70.5611	41.000876
70.6233	40.994956
70.6855	40.988428
70.7490	40.982517
70.8110	40.975996
70.8737	40.970156
70.9364	40.963328
70.9984	40.957688
71.0617	40.950857
71.1232	40.944326
71.1856	40.938486
71.2474	40.931677
71.3111	40.926077
71.3730	40.920156
71.4342	40.913657
71.4973	40.907766
71.5613	40.901257
71.6242	40.894458
71.6876	40.888538
71.7509	40.882007
71.8130	40.876116
71.8750	40.869617
71.9382	40.863706
71.9999	40.856897
72.0606	40.851277
72.1239	40.844468
72.1855	40.838906
72.2476	40.832078
72.3085	40.826147
72.3706	40.819617
72.4331	40.813726
72.4950	40.807227
72.5575	40.801338
72.6195	40.794517
72.6825	40.788877
72.7448	40.782986
72.8069	40.776477
72.8701	40.770576
72.9326	40.764048
72.9945	40.757236
73.0562	40.751316
73.1186	40.744797
73.1804	40.738916
73.2433	40.733267
73.3049	40.726467
73.3686	40.720608
73.4305	40.714087
73.4926	40.708167
73.5542	40.701626
73.6153	40.695696
73.6786	40.688887
73.7419	40.683328
73.8047	40.676506
73.8665	40.670876
73.9289	40.664048
73.9903	40.657227
74.0517	40.651626
74.1135	40.645747
74.1766	40.639216
74.2395	40.633296
74.3008	40.626787
74.3646	40.620896
74.4271	40.614067
74.4901	40.608438
74.5530	40.601626
74.6162	40.596038
74.6782	40.589226
74.7386	40.583337
74.8009	40.576807
74.8630	40.570857
74.9264	40.564346
74.9878	40.558486
75.0514	40.551677
75.1150	40.546057
75.1778	40.539226
75.2400	40.532698
75.3025	40.526777
75.3659	40.519956
75.4271	40.514387
75.4887	40.508457
75.5516	40.501926
75.6148	40.496038
75.6766	40.489536
75.7385	40.483616
75.8014	40.476807
75.8639	40.471196
75.9275	40.464387
75.9913	40.457876
76.0547	40.451997
76.1177	40.445166
76.1812	40.439536
76.2427	40.432727
76.3044	40.426206
76.3685	40.420327
76.4298	40.414436
76.4928	40.407917
76.5558	40.401978
76.6163	40.395466
76.6782	40.389607
76.7409	40.382798
76.8030	40.377166
76.8655	40.370337
76.9259	40.364736
76.9896	40.357908
77.0526	40.352317
77.1152	40.345508
77.1769	40.339578
77.2394	40.333057
77.3035	40.327178
77.3648	40.320657
77.4271	40.314736
77.4902	40.307927
77.5530	40.302307
77.6155	40.295508
77.6787	40.288997
77.7411	40.283108
77.8036	40.277178
77.8667	40.270657
77.9287	40.263848
77.9912	40.258267
78.0536	40.251467
78.1134	40.245557
78.1766	40.239937
78.2384	40.233127
78.3014	40.226616
78.3632	40.220757
78.4262	40.213958
78.4883	40.208328
78.5508	40.202417
78.6126	40.195916
78.6747	40.190027
78.7367	40.183496
78.7987	40.177588
78.8616	40.170776
78.9247	40.165217
78.9867	40.158386
79.0507	40.151887
79.1128	40.145977
79.1754	40.140098
79.2386	40.133586
79.3003	40.126768
79.3628	40.121177
79.4251	40.114346
79.4872	40.108438
79.5502	40.101917
79.6128	40.096047
79.6747	40.089536
79.7368	40.083606
79.7991	40.076777
79.8622	40.071157
79.9242	40.064368
79.9855	40.058777
80.0473	40.051978
80.1084	40.046338
80.1721	40.040466
80.2356	40.033628
80.2967	40.027117
80.3602	40.021226
80.4212	40.014688
80.4845	40.008796
80.5477	40.002908
80.6095	39.996387
80.6706	39.990427
80.7336	39.983896
80.7943	39.977097
80.8566	39.971226
80.9183	39.965627
80.9825	39.958806
81.0459	39.952288
81.1071	39.946357
81.1711	39.939546
81.2346	39.933997
81.2982	39.927188
81.3610	39.921548
81.4240	39.914727
81.4870	39.907908
81.5498	39.902307
81.6129	39.895496
81.6745	39.889917
81.7364	39.883096
81.7990	39.877476
81.8614	39.870647
81.9236	39.864756
81.9871	39.858247
82.0491	39.852336
82.1127	39.845806
82.1738	39.839917
82.2355	39.833096
82.2986	39.827507
82.3608	39.820686
82.4244	39.815046
82.4862	39.808247
82.5488	39.802375
82.6113	39.795867
82.6724	39.789946
82.7348	39.783406
82.7971	39.777488
82.8595	39.770676
82.9219	39.765117
82.9842	39.759177
83.0454	39.752656
83.1084	39.746777
83.1714	39.740266
83.2349	39.733428
83.2977	39.727546
83.3603	39.721006
83.4234	39.715088
83.4866	39.708586
83.5492	39.702698
83.6112	39.695867
83.6734	39.690237
83.7347	39.683428
83.7971	39.677847
83.8615	39.671028
83.9265	39.665137
83.9846	39.658596
84.0471	39.652656
84.1089	39.646147
84.1715	39.640276
84.2331	39.633467
84.2962	39.627847
84.3579	39.621016
84.4205	39.615408
84.4834	39.608586
84.5458	39.602996
84.6085	39.596187
84.6708	39.590256
84.7331	39.583726
84.7952	39.577847
84.8580	39.571338
84.9206	39.565417
84.9816	39.558606
85.0426	39.552986
85.1060	39.547126
85.1690	39.540618
85.2326	39.533787
85.2952	39.527856
85.3565	39.521326
85.4180	39.515457
85.4816	39.508958
85.5449	39.503057
85.6068	39.496238
85.6692	39.490618
85.7327	39.483787
85.7955	39.477288
85.8590	39.471416
85.9210	39.464617
85.9829	39.458987
86.0450	39.453076
86.1082	39.446577
86.1710	39.439766
86.2336	39.434177
86.2967	39.427366
86.3583	39.421448
86.4208	39.414946
86.4812	39.409058
86.5435	39.402556
86.6070	39.396636
86.6702	39.389846
86.7327	39.384236
86.7957	39.377427
86.8555	39.371846
86.9186	39.365017
86.9813	39.359087
87.0445	39.352566
87.1069	39.346716
87.1697	39.340186
87.2323	39.334287
87.2945	39.327456
87.3577	39.321836
87.4219	39.315027
87.4834	39.308516
87.5450	39.302666
87.6076	39.295837
87.6697	39.290208
87.7320	39.284316
87.7935	39.277808
87.8561	39.271917
87.9196	39.265366
87.9808	39.258577
88.0428	39.252666
88.1047	39.247097
88.1680	39.240266
88.2313	39.234626
88.2941	39.227837
88.3572	39.221956
88.4198	39.215447
88.4856	39.208625
88.5460	39.202126
88.6080	39.196216
88.6718	39.190298
88.7332	39.183787
88.7954	39.177917
88.8575	39.171416
88.9197	39.165476
88.9822	39.158657
89.0437	39.153066
89.1083	39.146257
89.1705	39.139756
89.2318	39.133877
89.2938	39.127046
89.3570	39.121406
89.4181	39.115527
89.4807	39.109016
89.5428	39.103096
89.6049	39.096567
89.6681	39.090696
89.7305	39.083867
89.7935	39.078276
89.8547	39.071458
89.9161	39.065828
89.9786	39.059016
90.0404	39.053157
90.1032	39.046646
90.1654	39.040728
90.2277	39.034187
90.2881	39.028276
90.3515	39.021477
90.4147	39.015906
90.4774	39.009106
90.5406	39.003457
90.6038	38.996636
90.6675	38.991047
90.7293	38.984216
90.7917	38.978315
90.8547	38.971797
90.9167	38.965886
90.9803	38.959377
91.0414	38.952546
91.1053	38.946667
91.1678	38.940166
91.2289	38.934236
91.2906	38.927708
91.3542	38.921836
91.4161	38.915947
91.4781	38.909417
91.5395	38.903477
91.6020	38.896978
91.6659	38.891106
91.7292	38.884297
91.7910	38.877795
91.8536	38.871868
91.9151	38.865317
91.9779	38.859426
92.0400	38.852627
92.1025	38.847046
92.1634	38.841116
92.2256	38.834607
92.2867	38.828716
92.3483	38.822207
92.4094	38.816287
92.4691	38.810396
92.5316	38.803877
92.5929	38.798018
92.6556	38.791477
92.7183	38.785518
92.7810	38.778706
92.8420	38.773127
92.9048	38.767236
92.9667	38.760706
93.0281	38.753906
93.0897	38.748296
93.1521	38.742397
93.2142	38.735586
93.2770	38.729956
93.3401	38.723147
93.4005	38.716626
93.4631	38.710776
93.5257	38.704856
93.5886	38.698328
93.6513	38.692407
93.7134	38.685886
93.7756	38.680027
93.8383	38.673206
93.9002	38.667576
93.9617	38.660747
94.0235	38.655166
94.0876	38.648357
94.1489	38.641558
94.2111	38.635967
94.2737	38.630056
94.3371	38.623557
94.3994	38.617656
94.4622	38.611157
94.5276	38.605237
94.5875	38.598438
94.6500	38.591897
94.7127	38.585996
94.7744	38.579497
94.8359	38.573586
94.8975	38.567666
94.9602	38.561157
95.0229	38.555295
95.0850	38.548787
95.1486	38.542856
95.2113	38.536038
95.2737	38.529497
95.3366	38.523606
95.3995	38.517107
95.4647	38.511238
95.5243	38.504397
95.5868	38.498757
95.6502	38.491926
95.7118	38.486348
95.7763	38.479546
95.8394	38.472737
95.9006	38.467126
95.9623	38.461206
96.0249	38.454697
96.0868	38.448816
96.1484	38.442297
96.2112	38.436377
96.2717	38.429565
96.3347	38.423987
96.3970	38.417156
96.4597	38.411558
96.5222	38.404727
96.5840	38.398816
96.6455	38.392317
96.7080	38.386436
96.7709	38.379927
96.8333	38.373977
96.8964	38.367156
96.9586	38.361558
97.0200	38.354746
97.0832	38.349158
97.1468	38.342346
97.2082	38.336716
97.2707	38.329897
97.3335	38.324006
97.3950	38.317498
97.4580	38.311587
97.5215	38.305056
97.5843	38.299167
97.6472	38.292336
97.7090	38.286746
97.7718	38.279927
97.8335	38.274277
97.8950	38.267456
97.9575	38.261587
98.0191	38.255076
98.0820	38.249167
98.1457	38.242637
98.2077	38.236707
98.2696	38.229897
98.3316	38.224336
98.3930	38.217517
98.4566	38.211877
98.5186	38.205046
98.5886	38.199465
98.6429	38.192627
98.7042	38.186736
98.7666	38.180208
98.8302	38.174287
98.8939	38.167786
98.9565	38.161897
99.0187	38.155066
99.0816	38.149446
99.1446	38.142637
99.2078	38.136116
99.2690	38.130237
99.3310	38.124336
99.3925	38.117808
99.4545	38.111868
99.5174	38.105356
99.5812	38.099487
99.6432	38.092676
99.7066	38.087056
99.7694	38.080227
99.8333	38.073696
99.8950	38.067786
99.9571	38.060977
100.0179	38.055408
100.0799	38.049465
100.1417	38.042947
100.2047	38.037065
100.2674	38.030547
100.3292	38.024626
100.3919	38.017808
100.4552	38.012188
100.5173	38.005376
100.5795	37.998877
100.6410	37.992986
100.7014	37.987046
100.7642	37.980518
100.8255	37.974636
100.8887	37.968147
100.9513	37.962256
101.0142	37.955437
101.0763	37.949807
101.1383	37.942986
101.2007	37.937427
101.2630	37.930627
101.3249	37.924985
101.3862	37.918186
101.4487	37.912275
101.5116	37.905767
101.5741	37.899875
101.6356	37.893347
101.6986	37.887417
101.7607	37.881567
101.8223	37.875056
101.8837	37.869136
101.9452	37.862598
102.0072	37.856697
102.0699	37.849897
102.1329	37.844316
102.1976	37.837517
102.2584	37.830996
102.3215	37.825037
102.3855	37.818237
102.4479	37.812656
102.5104	37.805857
102.5727	37.800237
102.6359	37.793447
102.6984	37.787827
102.7602	37.780996
102.8228	37.775137
102.8860	37.768616
102.9499	37.762686
103.0095	37.756177
103.0724	37.750317
103.1338	37.743477
103.1982	37.737876
103.2614	37.731077
103.3219	37.724536
103.3859	37.718647
103.4483	37.712776
103.5114	37.706277
103.5740	37.700317
103.6362	37.693787
103.6987	37.686978
103.7617	37.681096
103.8232	37.674597
103.8850	37.668706
103.9475	37.662175
104.0091	37.656235
104.0714	37.649446
104.1343	37.643887
104.1968	37.637966
104.2591	37.631436
104.3238	37.625547
104.3844	37.619045
104.4475	37.612217
104.5108	37.606357
104.5728	37.599827
104.6346	37.593896
104.6981	37.587375
104.7602	37.581497
104.8234	37.574666
104.8843	37.569045
104.9463	37.562246
105.0083	37.556646
105.0713	37.549836
105.1338	37.543958
105.1971	37.537437
105.2605	37.531477
105.3226	37.524946
105.3837	37.519097
105.4471	37.512288
105.5085	37.506677
105.5706	37.499856
105.6321	37.494236
105.6935	37.487397
105.7563	37.481826
105.8197	37.475037
105.8831	37.469097
105.9448	37.462576
106.0077	37.456687
106.0704	37.450186
106.1335	37.444268
106.1953	37.437466
106.2581	37.431846
106.3206	37.425037
106.3836	37.418525
106.4453	37.412646
106.5080	37.406716
106.5707	37.400186
106.6339	37.394307
106.6957	37.387808
106.7587	37.381917
106.8212	37.375085
106.8838	37.368557
106.9467	37.362607
107.0084	37.356096
107.0801	37.350227
107.1462	37.343416
107.2087	37.336897
107.2719	37.330066
107.3358	37.323557
107.3978	37.317637
107.4594	37.311736
107.5217	37.305217
107.5831	37.299346
107.6469	37.292837
107.7096	37.285996
107.7716	37.280056
107.8341	37.273525
107.8965	37.267646
107.9589	37.261135
108.0200	37.255247
108.0833	37.248416
108.1447	37.242786
108.2073	37.236897
108.2700	37.230396
108.3316	37.224478
108.3930	37.217947
108.4564	37.212078
108.5185	37.205247
108.5818	37.198735
108.6451	37.192847
108.7086	37.186316
108.7710	37.180386
108.8334	37.173586
108.8950	37.168027
108.9579	37.161196
109.0213	37.155566
109.0834	37.148748
109.1454	37.142847
109.2080	37.136335
109.2707	37.130486
109.3339	37.123958
109.3957	37.118005
109.4578	37.111196
109.5194	37.105615
109.5826	37.098806
109.6441	37.093196
109.7063	37.086387
109.7692	37.080776
109.8327	37.073958
109.8944	37.068086
109.9583	37.061577
110.0205	37.055657
110.0827	37.049146
110.1455	37.042346
110.2068	37.036445
110.2689	37.030847
110.3311	37.024045
110.3928	37.018425
110.4547	37.011626
110.5172	37.005757
110.5788	36.999255
110.6397	36.993296
110.7022	36.986755
110.7641	36.980886
110.8266	36.974077
110.8897	36.968496
110.9510	36.962576
111.0143	36.956067
111.0762	36.949236
111.1382	36.943677
111.2015	36.936877
111.2651	36.930957
111.3275	36.924426
111.3895	36.918538
111.4522	36.912026
111.5142	36.906116
111.5764	36.899316
111.6385	36.893677
111.7048	36.886877
111.7644	36.880366
111.8258	36.874478
111.8877	36.868547
111.9498	36.862017
112.0131	36.856125
112.0757	36.849617
112.1369	36.843757
112.1994	36.836926
112.2616	36.831296
112.3234	36.825405
112.3860	36.818887
112.4487	36.812087
112.5114	36.806467
112.5746	36.799666
112.6359	36.793748
112.6987	36.787236
112.7602	36.781345
112.8228	36.774827
112.8849	36.768896
112.9477	36.763037
113.0108	36.756526
113.0738	36.749697
113.1348	36.744087
113.1978	36.737256
113.2595	36.731345
113.3226	36.724836
113.3853	36.718977
113.4475	36.712466
113.5101	36.706516
113.5717	36.699688
113.6338	36.694097
113.6960	36.687275
113.7587	36.681677
113.8222	36.674866
113.8855	36.669246
113.9483	36.662407
114.0107	36.656526
114.0724	36.650027
114.1349	36.644106
114.1978	36.637576
114.2610	36.631697
114.3237	36.624866
114.3869	36.618347
114.4492	36.612466
114.5128	36.605947
114.5745	36.600007
114.6361	36.593196
114.6980	36.587607
114.7599	36.581687
114.8222	36.575146
114.8848	36.569226
114.9478	36.562417
115.0114	36.555916
115.0735	36.550046
115.1361	36.543525
115.1985	36.537566
115.2620	36.530737
115.3249	36.525156
115.3877	36.518347
115.4499	36.512747
115.5135	36.505938
115.5753	36.499116
115.6381	36.493477
115.6997	36.487595
115.7623	36.481086
115.8255	36.475176
115.8876	36.468635
115.9500	36.462766
116.0122	36.455925
116.0746	36.450337
116.1374	36.443525
116.2003	36.436987
116.2625	36.431067
116.3244	36.425208
116.3862	36.418687
116.4497	36.412776
116.5128	36.406235
116.5767	36.399417
116.6386	36.393516
116.7016	36.387007
116.7659	36.381135
116.8283	36.374617
116.8919	36.368667
116.9544	36.361846
117.0172	36.355327
117.0796	36.349465
117.1421	36.342947
117.2039	36.337056
117.2665	36.330237
117.3296	36.324607
117.3892	36.317786
117.4519	36.312227
117.5145	36.306296
117.5777	36.299775
117.6407	36.292966
117.7033	36.287056
117.7655	36.280547
117.8276	36.274656
117.8892	36.268127
117.9536	36.262217
118.0154	36.255405
118.0768	36.249846
118.1398	36.243916
118.2020	36.237375
118.2642	36.230576
118.3266	36.224675
118.3895	36.218157
118.4525	36.212297
118.5159	36.205767
118.5792	36.199817
118.6423	36.193005
118.7047	36.186487
118.7670	36.180627
118.8301	36.174106
118.8930	36.168215
118.9553	36.161387
119.0170	36.155767
119.0809	36.148967
119.1440	36.143386
119.2060	36.136597
119.2683	36.130957
119.3304	36.124146
119.3925	36.118257
119.4560	36.111746
119.5190	36.105857
119.5830	36.099326
119.6454	36.092537
119.7077	36.086606
119.7709	36.080095
119.8332	36.074207
119.8937	36.067695
119.9565	36.061765
120.0189	36.055886
120.0815	36.049387
120.1426	36.042556
120.2042	36.036965
120.2671	36.031025
120.3304	36.024207
120.3916	36.017708
120.4557	36.011836
120.5186	36.005337
120.5810	35.999397
120.6438	35.992566
120.7070	35.986965
120.7709	35.980156
120.8327	35.973657
120.8945	35.967786
120.9571	35.962156
121.0201	35.955327
121.0840	35.949446
121.1461	35.942927
121.2081	35.936116
121.2709	35.930496
121.3331	35.923687
121.3963	35.917776
121.4592	35.911267
121.5218	35.905386
121.5851	35.898857
121.6475	35.892927
121.7100	35.886116
121.7742	35.880537
121.8354	35.873706
121.8978	35.867197
121.9606	35.861277
122.0240	35.855356
122.0853	35.848857
122.1489	35.842996
122.2114	35.836477
122.2733	35.829646
122.3372	35.823716
122.3998	35.817188
122.4629	35.811306
122.5251	35.804797
122.5872	35.798906
122.6500	35.792075
122.7129	35.786445
122.7753	35.779607
122.8367	35.774055
122.8987	35.767246
122.9612	35.761616
123.0243	35.754817
123.0879	35.748906
123.1500	35.742385
123.2135	35.736506
123.2760	35.729976
123.3399	35.723167
123.4021	35.717236
123.4647	35.710715
123.5271	35.704836
123.5893	35.698315
123.6524	35.692407
123.7154	35.685596
123.7783	35.679966
123.8405	35.673167
123.9029	35.666646
123.9657	35.660767
124.0275	35.654827
124.0897	35.648306
124.1527	35.642427
124.2161	35.635916
124.2774	35.629106
124.3405	35.623196
124.4041	35.617576
124.4653	35.610767
124.5259	35.604255
124.5894	35.598386
124.6528	35.591587
124.7139	35.585947
124.7797	35.580037
124.8391	35.573535
124.9026	35.567656
124.9652	35.561116
125.0267	35.554316
125.0894	35.548396
125.1516	35.541887
125.2152	35.535986
125.2763	35.529487
125.3386	35.523567
125.3992	35.517676
125.4615	35.511167
125.5234	35.505295
125.5872	35.498767
125.6502	35.492805
125.7130	35.485996
125.7753	35.479475
125.8373	35.473625
125.8999	35.467107
125.9617	35.461216
126.0235	35.454377
126.0857	35.448757
126.1495	35.442896
126.2116	35.436377
126.2744	35.430447
126.3395	35.423926
126.4004	35.417126
126.4621	35.411245
126.5241	35.404727
126.5862	35.398835
126.6490	35.392307
126.7113	35.386406
126.7736	35.379575
126.8350	35.374006
126.8970	35.368057
126.9591	35.361526
127.0231	35.355676
127.0854	35.348877
127.1481	35.342366
127.2109	35.336467
127.2727	35.329937
127.3357	35.323997
127.3989	35.317188
127.4605	35.311636
127.5234	35.304817
127.5848	35.299187
127.6477	35.292366
127.7108	35.286787
127.7730	35.279946
127.8376	35.274077
127.8989	35.267546
127.9628	35.261616
128.0256	35.255107
128.0884	35.248286
128.1509	35.242397
128.2134	35.235886
128.2806	35.229985
128.3388	35.223457
128.4012	35.217566
128.4650	35.210737
128.5273	35.205156
128.5895	35.198315
128.6527	35.192676
128.7162	35.185857
128.7787	35.179976
128.8416	35.173477
128.9033	35.166646
128.9660	35.161035
129.0291	35.154216
129.0928	35.148296
129.1563	35.141807
129.2199	35.135925
129.2828	35.129426
129.3456	35.122595
129.4078	35.116655
129.4715	35.110127
129.5328	35.104236
129.5956	35.097747
129.6577	35.091855
129.7197	35.085027
129.7829	35.079387
129.8450	35.072556
129.9070	35.066987
129.9690	35.060186
130.0318	35.054556
130.0942	35.047747
130.1578	35.041836
130.2204	35.035317
130.2835	35.029436
130.3461	35.022905
130.4094	35.016975
130.4706	35.010176
130.5345	35.004597
130.5976	34.997766
130.6593	34.991245
130.7205	34.985327
130.7825	34.979407
130.8449	34.972896
130.9081	34.967026
130.9706	34.960515
131.0329	34.954556
131.0949	34.947737
131.1557	34.942146
131.2188	34.935337
131.2824	34.929746
131.3450	34.922937
131.4073	34.916106
131.4684	34.910476
131.5321	34.904597
131.5949	34.898086
131.6568	34.892166
131.7184	34.885637
131.7806	34.879746
131.8448	34.872915
131.9069	34.866416
131.9670	34.860527
132.0300	34.854885
132.0935	34.848076
132.1566	34.842227
132.2184	34.835706
132.2821	34.829785
132.3427	34.823247
132.4056	34.817336
132.4672	34.810537
132.5282	34.804956
132.5909	34.798157
132.6519	34.792517
132.7141	34.785676
132.7768	34.780095
132.8433	34.773286
132.9038	34.766467
132.9677	34.760857
133.0317	34.754055
133.0945	34.748435
133.1574	34.741606
133.2205	34.735737
133.2815	34.729236
133.3448	34.723306
133.4062	34.716787
133.4694	34.710935
133.5315	34.704087
133.5949	34.698506
133.6568	34.691697
133.7192	34.685156
133.7820	34.679246
133.8434	34.673386
133.9051	34.666887
133.9677	34.660935
134.0301	34.654417
134.0935	34.648535
134.1574	34.641736
134.2197	34.635237
134.2830	34.629365
134.3457	34.622837
134.4075	34.616887
134.4704	34.610095
134.5329	34.604526
134.5933	34.597727
134.6567	34.592107
134.7189	34.585286
134.7815	34.579675
134.8447	34.572847
134.9070	34.566997
134.9703	34.560466
135.0326	34.554546
135.0952	34.548047
135.1586	34.542166
135.2208	34.535337
135.2839	34.528816
135.3463	34.522915
135.4086	34.516387
135.4716	34.510496
135.5355	34.503677
135.5975	34.498096
135.6592	34.491267
135.7216	34.485625
135.7847	34.478835
135.8478	34.472966
135.9102	34.466455
135.9719	34.460537
136.0330	34.454006
136.0949	34.448086
136.1577	34.441277
136.2203	34.435715
136.2831	34.428896
136.3446	34.423267
136.4066	34.416436
136.4698	34.410867
136.5324	34.404026
136.5946	34.398157
136.6576	34.391626
136.7196	34.385706
136.7827	34.379197
136.8449	34.373315
136.9062	34.366487
136.9698	34.360867
137.0314	34.354055
137.0935	34.348467
137.1550	34.341655
137.2178	34.335767
137.2793	34.329246
137.3405	34.323286
137.4038	34.316777
137.4664	34.310916
137.5286	34.304106
137.5910	34.298477
137.6542	34.292566
137.7168	34.286047
137.7794	34.279226
137.8426	34.273645
137.9046	34.266836
137.9669	34.260896
138.0293	34.254387
138.0923	34.248506
138.1548	34.241987
138.2179	34.236077
138.2797	34.229265
138.3433	34.223645
138.4068	34.216846
138.4695	34.210327
138.5333	34.204446
138.5958	34.197627
138.6575	34.191997
138.7214	34.185176
138.7836	34.178645
138.8461	34.172776
138.9097	34.166875
138.9732	34.160356
139.0364	34.153535
139.0997	34.147915
139.1625	34.141106
139.2251	34.135256
139.2877	34.128757
139.3513	34.122817
139.4126	34.116287
139.4739	34.110386
139.5375	34.103586
139.6016	34.097065
139.6651	34.091216
139.7283	34.084675
139.7910	34.078726
139.8535	34.071917
139.9184	34.066335
139.9798	34.059546
140.0430	34.053027
140.1048	34.047136
140.1670	34.040305
140.2290	34.034675
140.2914	34.028806
140.3529	34.022297
140.4160	34.016367
140.4773	34.009846
140.5411	34.003987
140.6027	33.997156
140.6658	33.990647
140.7283	33.984756
140.7913	33.978215
140.8533	33.972327
140.9159	33.965505
140.9771	33.959956
141.0387	33.954006
141.1016	33.947476
141.1652	33.940676
141.2283	33.934807
141.2908	33.928296
141.3525	33.922407
141.4148	33.915876
141.4772	33.909946
141.5393	33.903137
141.6025	33.897576
141.6663	33.890767
141.7285	33.884255
141.7916	33.878325
141.8541	33.871497
141.9175	33.865886
141.9804	33.859087
142.0433	33.853486
142.1056	33.846677
142.1678	33.841047
142.2304	33.834226
142.2933	33.828347
142.3545	33.821826
142.4170	33.815935
142.4786	33.809397
142.5406	33.803506
142.6033	33.797627
142.6662	33.791106
142.7277	33.784277
142.7892	33.778635
142.8522	33.772786
142.9151	33.765967
142.9770	33.759465
143.0397	33.753557
143.1022	33.747026
143.1636	33.741106
143.2257	33.734287
143.2893	33.728726
143.3512	33.722795
143.4148	33.716267
143.4769	33.709436
143.5400	33.703855
143.6014	33.697026
143.6638	33.691135
143.7274	33.684597
143.7894	33.678677
143.8504	33.672175
143.9136	33.666287
143.9760	33.660356
144.0380	33.653826
144.1010	33.647947
144.1635	33.641445
144.2259	33.634626
144.2887	33.628745
144.3492	33.622217
144.4128	33.616267
144.4758	33.609756
144.5385	33.603887
144.5999	33.597075
144.6622	33.591455
144.7250	33.584636
144.7869	33.579016
144.8491	33.572185
144.9115	33.566606
144.9742	33.559795
145.0374	33.553867
145.1002	33.547346
145.1636	33.541445
145.2261	33.534927
145.2892	33.529016
145.3510	33.522207
145.4153	33.516587
145.4758	33.509775
145.5393	33.503267
145.6022	33.497375
145.6628	33.491436
145.7249	33.484907
145.7868	33.479026
145.8492	33.472517
145.9111	33.466626
145.9725	33.459795
146.0355	33.454155
146.0974	33.447327
146.1612	33.441765
146.2242	33.434956
146.2865	33.429326
146.3487	33.422517
146.4106	33.416606
146.4722	33.410095
146.5358	33.404216
146.5968	33.397686
146.6599	33.391755
146.7229	33.384946
146.7845	33.379365
146.8479	33.372537
146.9117	33.366917
146.9746	33.360095
147.0348	33.354177
147.0976	33.347666
147.1604	33.341816
147.2229	33.335295
147.2854	33.329336
147.3479	33.322507
147.4103	33.316926
147.4732	33.310117
147.5375	33.303606
147.6005	33.297717
147.6643	33.290886
147.7154	33.285247
147.7738	33.279365
147.8362	33.273735
147.8995	33.267866
147.9705	33.261367
148.0392	33.254565
148.1019	33.247737
148.1646	33.241235
148.2263	33.234407
148.2890	33.228816
148.3514	33.222007
148.4123	33.216086
148.4756	33.210525
148.5365	33.203687
148.6003	33.198066
148.6627	33.191245
148.7253	33.185347
148.7880	33.178835
148.8500	33.172046
148.9117	33.166455
148.9743	33.160505
149.0360	33.153706
149.0980	33.148137
149.1612	33.141335
149.2239	33.134807
149.2868	33.128906
149.3486	33.122075
149.4113	33.116455
149.4731	33.110596
149.5363	33.104077
149.5998	33.097285
149.6623	33.091636
149.7240	33.084836
149.7867	33.078945
149.8489	33.072427
149.9117	33.066536
149.9761	33.060005
150.0356	33.054116
150.0983	33.047295
150.1607	33.041736
150.2222	33.034907
150.2855	33.029265
150.3483	33.022466
150.4096	33.016587
150.4725	33.010095
150.5359	33.004197
150.5976	32.997656
150.6602	32.991716
150.7235	32.984907
150.7856	32.979346
150.8491	32.972537
150.9120	32.966035
150.9736	32.960105
151.0358	32.953276
151.0994	32.947666
151.1616	32.941807
151.2253	32.935276
151.2875	32.928467
151.3501	32.922827
151.4103	32.916006
151.4706	32.910117
151.5334	32.904485
151.5953	32.897686
151.6591	32.892075
151.7195	32.885266
151.7830	32.879387
151.8431	32.872866
151.9052	32.866907
151.9688	32.860386
152.0315	32.854536
152.0943	32.847727
152.1563	32.842117
152.2184	32.835286
152.2813	32.829675
152.3436	32.822837
152.4051	32.817266
152.4689	32.810466
152.5306	32.804536
152.5936	32.797996
152.6554	32.792107
152.7179	32.785586
152.7814	32.779666
152.8442	32.772866
152.9061	32.767246
152.9689	32.760427
153.0312	32.754866
153.0930	32.748047
153.1560	32.742117
153.2171	32.735576
153.2800	32.729685
153.3423	32.723186
153.4045	32.717295
153.4671	32.710466
153.5301	32.704827
153.5931	32.697996
153.6568	32.692427
153.7193	32.685615
153.7821	32.678806
153.8440	32.673196
153.9064	32.667275
153.9697	32.660767
154.0309	32.653936
154.0925	32.648357
154.1539	32.642427
154.2165	32.635615
154.2792	32.630037
154.3428	32.623196
154.4054	32.616677
154.4679	32.610767
154.5296	32.604846
154.5920	32.598335
154.6554	32.592466
154.7167	32.585945
154.7797	32.579995
154.8420	32.573176
154.9053	32.567576
154.9691	32.560767
155.0313	32.554265
155.0957	32.548376
155.1574	32.541545
155.2200	32.535906
155.2830	32.529077
155.3446	32.523506
155.4089	32.516697
155.4740	32.509895
155.5351	32.504265
155.5977	32.497437
155.6603	32.491826
155.7228	32.485005
155.7860	32.479426
155.8488	32.472627
155.9121	32.466697
155.9760	32.460166
156.0441	32.453347
156.1008	32.446526
156.1638	32.440945
156.2257	32.435046
156.2883	32.428525
156.3511	32.422627
156.4134	32.416116
156.4757	32.410237
156.5374	32.403406
156.5999	32.397776
156.6638	32.390967
156.7254	32.385366
156.7884	32.378557
156.8517	32.372656
156.9146	32.366125
156.9768	32.360195
157.0417	32.353696
157.1017	32.346887
157.1646	32.341025
157.2283	32.334517
157.2921	32.328577
157.3555	32.322046
157.4192	32.316145
157.4822	32.309346
157.5455	32.302827
157.6080	32.296965
157.6707	32.290437
157.7322	32.284475
157.7939	32.277666
157.8562	32.272085
157.9189	32.266187
157.9812	32.259656
158.0485	32.252866
158.1051	32.246025
158.1675	32.240405
158.2303	32.234536
158.2926	32.228025
158.3543	32.222085
158.4163	32.215566
158.4801	32.209717
158.5430	32.203796
158.6046	32.197275
158.6680	32.191355
158.7310	32.184846
158.7933	32.178047
158.8559	32.172185
158.9174	32.165686
158.9794	32.159736
159.0429	32.153206
159.1057	32.147346
159.1680	32.140547
159.2299	32.134956
159.2925	32.128147
159.3543	32.122527
159.4175	32.115686
159.4812	32.108896
159.5444	32.103335
159.6082	32.096526
159.6710	32.090896
159.7348	32.084087
159.7970	32.077246
159.8588	32.071636
159.9207	32.065776
159.9825	32.059246
160.0462	32.053325
160.1071	32.046816
160.1697	32.040935
160.2325	32.034106
160.2956	32.028477
160.3587	32.021675
160.4201	32.015137
160.4822	32.009255
160.5445	32.003376
160.6052	31.996855
160.6687	31.990896
160.7303	31.984365
160.7927	31.978516
160.8567	31.971707
160.9182	31.966096
160.9812	31.959275
161.0443	31.953667
161.1062	31.946836
161.1694	31.940037
161.2314	31.934475
161.2947	31.928545
161.3566	31.922017
161.4199	31.916135
161.4807	31.909626
161.5423	31.903706
161.6047	31.896907
161.6665	31.891287
161.7295	31.884465
161.7918	31.877966
161.8535	31.872075
161.9141	31.866145
161.9767	31.859626
162.0395	31.853735
162.1013	31.847236
162.1634	31.841355
162.2261	31.834536
162.2877	31.828906
162.3502	31.823025
162.4120	31.816516
162.4740	31.810596
162.5362	31.804065
162.5990	31.798176
162.6625	31.791355
162.7248	31.784827
162.7863	31.778936
162.8500	31.772405
162.9126	31.766477
162.9762	31.759666
163.0374	31.754087
163.1029	31.747266
163.1635	31.740757
163.2262	31.734836
163.2892	31.728926
163.3519	31.722417
163.4150	31.716545
163.4781	31.710037
163.5412	31.703206
163.6038	31.697266
163.6659	31.690735
163.7272	31.684866
163.7908	31.678367
163.8528	31.672466
163.9143	31.665635
163.9779	31.660017
164.0401	31.653196
164.1023	31.647646
164.1651	31.640835
164.2286	31.635195
164.2921	31.628396
164.3549	31.622495
164.4175	31.615986
164.4803	31.610095
164.5440	31.603577
164.6063	31.596755
164.6688	31.590835
164.7314	31.584326
164.7941	31.578435
164.8569	31.571926
164.9185	31.566006
164.9810	31.559216
165.0443	31.553606
165.1069	31.546807
165.1697	31.540295
165.2327	31.534407
165.2932	31.528467
165.3548	31.521946
165.4183	31.516096
165.4794	31.509575
165.5421	31.503677
165.6038	31.496846
165.6655	31.491235
165.7274	31.484436
165.7892	31.478865
165.8517	31.472937
165.9147	31.466436
165.9766	31.459626
166.0381	31.453735
166.1014	31.447227
166.1623	31.441335
166.2254	31.434807
166.2867	31.428916
166.3492	31.423037
166.4115	31.416526
166.4744	31.410566
166.5366	31.404036
166.5989	31.398176
166.6617	31.391365
166.7246	31.384846
166.7869	31.378945
166.8491	31.372427
166.9118	31.366487
166.9751	31.359675
167.0368	31.354116
167.1003	31.348186
167.1635	31.341655
167.2250	31.334836
167.2876	31.329255
167.3504	31.322417
167.4120	31.316545
167.4754	31.310017
167.5367	31.304097
167.5990	31.297576
167.6604	31.291697
167.7233	31.285776
167.7862	31.279236
167.8493	31.272437
167.9116	31.266836
167.9735	31.260027
168.0365	31.254146
168.0990	31.247627
168.1606	31.241665
168.2234	31.235146
168.2860	31.229297
168.3504	31.222485
168.4122	31.215986
168.4746	31.210076
168.5370	31.203535
168.5998	31.197615
168.6618	31.190806
168.7241	31.185237
168.7871	31.179297
168.8499	31.172776
168.9129	31.166897
168.9765	31.160386
169.0386	31.153555
169.1023	31.147666
169.1648	31.141135
169.2271	31.135227
169.2896	31.128726
169.3520	31.122837
169.4136	31.116016
169.4758	31.110396
169.5374	31.103586
169.5996	31.097996
169.6621	31.091187
169.7233	31.085295
169.7850	31.078767
169.8476	31.072815
169.9092	31.066316
169.9730	31.060447
170.0351	31.053645
170.0982	31.048025
170.1610	31.041206
170.2242	31.035596
170.2877	31.028767
170.3510	31.021965
170.4141	31.016387
170.4742	31.010457
170.5364	31.003936
170.5993	30.998057
170.6614	30.991526
170.7242	30.985596
170.7880	30.978787
170.8510	30.972256
170.9131	30.966345
170.9747	30.959836
171.0366	30.953955
171.0987	30.948015
171.1616	30.941487
171.2247	30.935605
171.2879	30.929097
171.3505	30.922285
171.4119	30.916387
171.4733	30.909856
171.5365	30.903926
171.5983	30.897427
171.6603	30.891555
171.7242	30.884756
171.7866	30.879136
171.8486	30.873225
171.9113	30.866716
171.9742	30.859885
172.0360	30.854297
172.0986	30.847485
172.1620	30.841565
172.2248	30.835056
172.2876	30.829165
172.3501	30.822656
172.4139	30.816736
172.4759	30.809937
172.5391	30.803396
172.6018	30.797505
172.6649	30.790986
172.7277	30.785095
172.7889	30.778286
172.8512	30.772646
172.9141	30.766797
172.9768	30.760276
173.0401	30.753486
173.1027	30.747566
173.1655	30.741035
173.2276	30.735127
173.2892	30.728616
173.3522	30.722756
173.4144	30.715935
173.4768	30.710305
173.5378	30.703477
173.5996	30.697886
173.6618	30.691086
173.7245	30.685486
173.7865	30.678687
173.8497	30.672766
173.9118	30.666265
173.9744	30.660366
174.0367	30.653865
174.0988	30.647937
174.1620	30.641135
174.2245	30.635547
174.2857	30.628726
174.3488	30.623125
174.4116	30.616296
174.4740	30.610386
174.5365	30.603865
174.5984	30.598005
174.6612	30.591506
174.7251	30.585566
174.7860	30.578735
174.8486	30.573125
174.9104	30.566326
174.9728	30.560747
175.0362	30.553936
175.0979	30.548306
175.1610	30.541477
175.2213	30.535596
175.2823	30.529065
175.3439	30.523167
175.4065	30.516636
175.4695	30.510745
175.5312	30.504856
175.5941	30.498345
175.6553	30.492385
175.7175	30.485867
175.7802	30.480015
175.8416	30.473206
175.9052	30.467595
175.9664	30.460767
176.0297	30.455146
176.0930	30.448315
176.1560	30.441497
176.2191	30.435935
176.2818	30.430005
176.3441	30.423477
176.4066	30.416655
176.4696	30.411077
176.5311	30.404246
176.5942	30.398367
176.6565	30.391836
176.7190	30.385906
176.7806	30.379407
176.8431	30.373516
176.9045	30.367585
176.9677	30.361055
177.0292	30.354246
177.0915	30.348645
177.1538	30.342766
177.2166	30.335935
177.2805	30.329407
177.3437	30.323445
177.4059	30.316926
177.4684	30.311077
177.5309	30.304265
177.5934	30.298655
177.6561	30.291836
177.7175	30.286216
177.7798	30.279385
177.8414	30.273806
177.9054	30.267007
177.9684	30.261067
178.0307	30.254536
178.0937	30.248655
178.1567	30.242146
178.2189	30.236226
178.2821	30.229417
178.3445	30.222886
178.4070	30.216965
178.4689	30.210466
178.5317	30.204565
178.5943	30.198635
178.6586	30.192107
178.7212	30.185295
178.7836	30.179695
178.8458	30.172876
178.9088	30.166995
178.9715	30.160466
179.0341	30.154517
179.0974	30.148005
179.1603	30.142146
179.2236	30.135347
179.2859	30.128835
179.3493	30.122905
179.4120	30.116365
179.4740	30.110457
179.5364	30.103645
179.6009	30.098086
179.6643	30.091277
179.7251	30.084756
179.7873	30.078796
179.8506	30.073215
179.9138	30.066387
179.9765	30.060496
180.0391	30.053975
180.1017	30.047166
180.1643	30.041545
180.2285	30.034717
180.2902	30.028826
180.3524	30.022317
180.4159	30.016396
180.4770	30.009866
180.5395	30.003987
180.6008	29.997156
180.6625	29.991565
180.7244	29.985615
180.7872	29.979116
180.8499	29.972305
180.9132	29.966455
180.9747	29.959946
181.0370	29.954016
181.1006	29.947485
181.1630	29.941587
181.2260	29.934775
181.2897	29.929197
181.3532	29.922405
181.4154	29.915876
181.4789	29.909917
181.5406	29.903105
181.6049	29.897527
181.6668	29.890715
181.7295	29.885105
181.7928	29.878306
181.8547	29.871475
181.9167	29.865845
181.9788	29.859985
182.0406	29.853477
182.1020	29.847546
182.1643	29.841025
182.2281	29.835176
182.2904	29.828335
182.3531	29.822737
182.4148	29.815925
182.4788	29.810305
182.5420	29.803486
182.6052	29.797627
182.6675	29.791116
182.7300	29.785166
182.7922	29.778625
182.8548	29.771826
182.9182	29.765935
182.9805	29.759426
183.0435	29.753567
183.1048	29.747026
183.1687	29.741086
183.2317	29.734285
183.2935	29.728716
183.3576	29.721917
183.4197	29.715396
183.4822	29.709495
183.5450	29.702656
183.6074	29.697046
183.6700	29.691196
183.7338	29.684666
183.7958	29.677866
183.8594	29.672227
183.9207	29.665415
183.9839	29.659536
184.0452	29.653005
184.1065	29.647126
184.1687	29.640586
184.2315	29.634695
184.2950	29.628816
184.3584	29.622295
184.4216	29.615466
184.4839	29.608945
184.5468	29.603025
184.6087	29.597146
184.6713	29.590635
184.7342	29.584727
184.7967	29.578196
184.8592	29.572266
184.9226	29.565457
184.9857	29.558955
185.0475	29.553076
185.1090	29.546575
185.1707	29.540635
185.2346	29.533796
185.2967	29.528186
185.3587	29.521387
185.4203	29.515806
185.4825	29.509885
185.5465	29.503376
185.6079	29.496555
185.6690	29.490686
185.7320	29.485056
185.7956	29.478257
185.8584	29.471736
185.9222	29.465845
185.9849	29.459026
186.0465	29.453445
186.1094	29.446616
186.1720	29.440977
186.2353	29.434175
186.2979	29.428306
186.3600	29.421797
186.4223	29.415876
186.4847	29.409346
186.5476	29.403435
186.6111	29.396626
186.6729	29.390105
186.7357	29.384236
186.7991	29.377715
186.8602	29.371765
186.9225	29.364937
186.9875	29.359346
187.0465	29.352537
187.1085	29.346946
187.1722	29.341025
187.2343	29.334517
187.2963	29.327695
187.3573	29.321816
187.4210	29.316177
187.4824	29.309365
187.5442	29.302837
187.6072	29.296946
187.6693	29.291055
187.7299	29.284536
187.7924	29.278586
187.8532	29.272075
187.9159	29.266216
187.9782	29.259417
188.0409	29.253796
188.1048	29.247876
188.1676	29.241365
188.2312	29.234536
188.2935	29.227737
188.3559	29.222156
188.4184	29.216226
188.4808	29.209727
188.5424	29.203835
188.6053	29.197327
188.6677	29.191406
188.7300	29.184585
188.7929	29.178965
188.8551	29.172166
188.9174	29.165657
188.9790	29.159775
189.0421	29.153845
189.1045	29.147317
189.1663	29.141455
189.2294	29.134946
189.2922	29.129055
189.3562	29.122227
189.4187	29.115696
189.4805	29.109785
189.5439	29.103267
189.6064	29.097415
189.6686	29.090605
189.7313	29.084966
189.7934	29.078145
189.8562	29.072566
189.9187	29.065745
189.9850	29.058945
190.0418	29.053367
190.1043	29.047446
190.1652	29.040935
190.2262	29.035037
190.2882	29.028545
190.3514	29.022625
190.4141	29.016746
190.4756	29.010237
190.5370	29.004355
190.6001	28.997825
190.6603	28.991885
190.7231	28.985066
190.7844	28.979495
190.8475	28.972686
190.9095	28.967065
190.9730	28.960256
191.0348	28.954656
191.0973	28.947825
191.1586	28.941975
191.2199	28.935447
191.2824	28.929526
191.3440	28.923015
191.4061	28.917136
191.4688	28.911216
191.5307	28.904685
191.5931	28.898796
191.6552	28.892285
191.7186	28.886416
191.7815	28.879585
191.8446	28.873066
191.9089	28.867104
191.9708	28.860586
192.0333	28.854736
192.0960	28.847915
192.1567	28.842317
192.2190	28.835496
192.2818	28.829875
192.3431	28.823035
192.4061	28.817466
192.4687	28.810676
192.5313	28.804746
192.5928	28.798215
192.6553	28.792336
192.7173	28.785815
192.7804	28.779895
192.8432	28.773975
192.9057	28.767485
192.9692	28.760676
193.0310	28.754175
193.0935	28.748296
193.1560	28.742356
193.2170	28.735825
193.2790	28.729937
193.3417	28.723425
193.4038	28.717546
193.4655	28.710725
193.5283	28.705076
193.5913	28.699185
193.6538	28.692686
193.7167	28.685867
193.7796	28.680237
193.8432	28.673435
193.9055	28.667515
193.9691	28.660996
194.0307	28.655115
194.0938	28.648586
194.1568	28.641785
194.2191	28.635845
194.2808	28.629326
194.3428	28.623435
194.4056	28.616926
194.4678	28.611016
194.5307	28.605095
194.5930	28.598586
194.6539	28.592705
194.7165	28.586187
194.7800	28.580225
194.8417	28.573406
194.9032	28.567815
194.9666	28.561006
195.0291	28.554507
195.0933	28.548616
195.1558	28.541797
195.2182	28.536155
195.2810	28.529326
195.3441	28.523765
195.4066	28.516936
195.4681	28.511306
195.5319	28.504495
195.5954	28.498586
195.6583	28.492065
195.7221	28.486187
195.7841	28.479646
195.8471	28.472847
195.9104	28.466907
195.9733	28.460386
196.0354	28.454507
196.0992	28.447986
196.1623	28.442075
196.2250	28.435266
196.2887	28.428735
196.3515	28.422825
196.4150	28.416316
196.4786	28.410435
196.5425	28.403596
196.6053	28.397095
196.6694	28.391177
196.7324	28.384636
196.7954	28.378755
196.8574	28.371926
196.9204	28.365415
196.9819	28.359536
197.0447	28.353005
197.1074	28.347075
197.1699	28.341216
197.2334	28.334695
197.2963	28.327866
197.3600	28.322236
197.4226	28.315415
197.4854	28.309517
197.5471	28.302996
197.6091	28.297136
197.6732	28.290605
197.7347	28.284646
197.7978	28.277825
197.8612	28.272246
197.9237	28.265435
197.9862	28.258916
198.0489	28.253035
198.1123	28.246206
198.1730	28.240586
198.2369	28.234705
198.3000	28.228206
198.3627	28.221396
198.4251	28.215767
198.4882	28.208975
198.5514	28.203066
198.6164	28.196555
198.6769	28.189736
198.7398	28.184146
198.8026	28.177346
198.8647	28.171426
198.9265	28.164915
198.9893	28.159026
199.0522	28.152524
199.1145	28.146597
199.1774	28.139805
199.2410	28.134216
199.3039	28.127395
199.3681	28.120906
199.4305	28.114995
199.4936	28.108196
199.5584	28.102556
199.6202	28.095757
199.6833	28.089236
199.7472	28.083354
199.8099	28.076526
199.8721	28.070916
199.9339	28.064116
199.9964	28.058496
200.0597	28.051697
200.1243	28.045815
200.1840	28.039294
200.2455	28.033335
200.3080	28.026816
200.3707	28.020967
200.4339	28.014146
200.4970	28.008545
200.5588	28.001736
200.6209	27.996106
200.6836	27.989275
200.7464	27.983696
200.8082	27.976895
200.8700	27.970977
200.9329	27.964446
200.9965	27.958555
201.0583	27.952056
201.1204	27.946145
201.1830	27.939336
201.2444	27.933706
201.3073	27.926895
201.3700	27.920396
201.4323	27.914504
201.4946	27.908586
201.5584	27.902046
201.6209	27.896165
201.6830	27.889666
201.7445	27.882856
201.8079	27.876965
201.8692	27.870447
201.9313	27.864495
201.9937	27.858926
202.0568	27.852117
202.1184	27.845315
202.1814	27.839695
202.2439	27.833774
202.3072	27.827266
202.3708	27.820435
202.4324	27.814856
202.4953	27.808057
202.5584	27.802117
202.6218	27.795586
202.6842	27.789695
202.7471	27.783176
202.8076	27.777266
202.8698	27.770457
202.9320	27.764827
202.9951	27.758015
203.0578	27.752456
203.1211	27.745615
203.1830	27.739675
203.2456	27.733145
203.3086	27.727266
203.3707	27.720767
203.4307	27.714875
203.4937	27.708044
203.5562	27.702405
203.6178	27.695586
203.6808	27.690024
203.7438	27.683215
203.8055	27.677595
203.8688	27.670786
203.9313	27.664875
203.9932	27.658367
204.0549	27.652485
204.1182	27.645945
204.1801	27.640024
204.2427	27.633215
204.3053	27.627646
204.3698	27.620815
204.4312	27.614294
204.4943	27.608376
204.5560	27.602476
204.6177	27.595955
204.6816	27.590095
204.7455	27.583555
204.8063	27.576736
204.8669	27.570806
204.9291	27.565215
204.9916	27.558406
